0.000000 1537.300000
109.509434 1532.953706
219.018868 1521.893275
328.528302 1512.186928
438.037736 1502.042008
547.547170 1493.272189
657.056604 1486.878340
766.566038 1483.189192
876.075472 1481.665321
985.584906 1481.621170
1095.094340 1482.277623
1204.603774 1483.072687
1314.113208 1483.847381
1423.622642 1484.581736
1533.132075 1485.388549
1642.641509 1486.540589
1752.150943 1487.698737
1861.660377 1489.161783
1971.169811 1490.624829
2080.679245 1492.262142
2190.188679 1493.961728
2299.698113 1495.661315
2409.207547 1497.360901
2518.716981 1499.084445
2628.226415 1500.924204
2737.735849 1502.763962
2847.245283 1504.603721
2956.754717 1506.443479
3066.264151 1508.283900
3175.773585 1510.124754
3285.283019 1511.965608
3394.792453 1513.806461
3504.301887 1515.647315
3613.811321 1517.488168
3723.320755 1519.329022
3832.830189 1521.169875
3942.339623 1523.010729
4051.849057 1524.910691
4161.358491 1526.876385
4270.867925 1528.842079
4380.377358 1530.807774
4489.886792 1532.773468
4599.396226 1534.739162
4708.905660 1536.704857
4818.415094 1538.670551
4927.924528 1540.636245
5037.433962 1542.631654
5146.943396 1544.684275
5256.452830 1546.736896
5365.962264 1548.789517
5475.471698 1550.842137
5584.981132 1552.894758
5694.490566 1554.947379
5804.000000 1557.000000
