3.500338638193546103e+03 3.480857644877366511e+03 3.443783973175148731e+03 3.446596045557625985e+03 3.458920657432352073e+03 3.472653941499059329e+03 3.478910911932705858e+03 3.474696548626207459e+03 3.472222932885691080e+03 3.372707530372398196e+03
3.450708662052817544e+03 3.431816203884515289e+03 3.500384463584991863e+03 3.473222151955734262e+03 3.450887251064837983e+03 3.451046284539642784e+03 3.450990177822047826e+03 3.447043444588041439e+03 3.462004688172866281e+03 3.437374137784428967e+03
3.449611665990253641e+03 3.493812543617507799e+03 3.463885961134776608e+03 3.510794606616163037e+03 3.498187436817523121e+03 3.489851966286867992e+03 3.461146886082323363e+03 3.470357564668433042e+03 3.363169231062693598e+03 3.416378871497487580e+03
3.465316263733179312e+03 3.509955234445104907e+03 3.518415706752447932e+03 3.501509673375448983e+03 3.498173878138566124e+03 3.464969256429792040e+03 3.524772446556569776e+03 3.434568727160783965e+03 3.387589658323965068e+03 3.392008032133301185e+03
3.412438091397842982e+03 3.413362349793602789e+03 3.442477614652546890e+03 3.472436837842157274e+03 3.557057327543485371e+03 3.538624309554283627e+03 3.470962915147341391e+03 3.420854860820360045e+03 3.428464973834184093e+03 3.396074202225328918e+03
3.484483879564573726e+03 3.514592971276093067e+03 3.455752374038224389e+03 3.485690460241010442e+03 3.449064272920649728e+03 3.516351206754912710e+03 3.441549272351435775e+03 3.436902374810145375e+03 3.446853065600870650e+03 3.349680232970527413e+03
3.458661163267297070e+03 3.519882343803261392e+03 3.521684683450438570e+03 3.471129912805119147e+03 3.505540610172408833e+03 3.470036909861795266e+03 3.461620211844109235e+03 3.434658092209454480e+03 3.478314352714824508e+03 3.438219532835403243e+03
3.492738721432024249e+03 3.481491090289833210e+03 3.554916633660196112e+03 3.538623752394308212e+03 3.494206421288514321e+03 3.439395609755536498e+03 3.476035406322421750e+03 3.493942955082021399e+03 3.335029713583457578e+03 3.412017693008634978e+03
3.522561061971734944e+03 3.427648722136162178e+03 3.549378204593132523e+03 3.500952766215880274e+03 3.438470160694480001e+03 3.461907522541493563e+03 3.354033844031132503e+03 3.420069783118795840e+03 3.481328620035841595e+03 3.385552579940919259e+03
3.365531758929869284e+03 3.432138782039841317e+03 3.420933036907384121e+03 3.440359208572593616e+03 3.429557804176899481e+03 3.365013910403288264e+03 3.406798193806511335e+03 3.346358798222429414e+03 3.380079438195208240e+03 3.370625407251338856e+03
3.303562059953520929e+03 3.390795760679166506e+03 3.308453836638224402e+03 3.295475145146715477e+03 3.256803165714988154e+03 3.327667317174878917e+03 3.285598897473565557e+03 3.306358530400926156e+03 3.228754296378866002e+03 3.472961738457201136e+03
3.315120050155273930e+03 3.316011418515473906e+03 3.214972648066284364e+03 3.307670876661853526e+03 3.212131727346084062e+03 3.196036872546540963e+03 3.227930116306726632e+03 3.195841938833219956e+03 3.315801771309355445e+03 3.379977158557405801e+03
3.455977838854634683e+03 3.250148413817005803e+03 3.299048541361844400e+03 3.222913122474196825e+03 3.279751947349020611e+03 3.113219712740939030e+03 3.255444001065903649e+03 3.210001058605797425e+03 3.460178457734391031e+03 3.493901201234383734e+03
3.295952264116827337e+03 3.255477115557237084e+03 3.226548463347383858e+03 3.165792212227904201e+03 3.226459091822661776e+03 3.322353372440063595e+03 3.237837282505682197e+03 3.492313083443603773e+03 3.424986168736943000e+03 3.417233401798783689e+03
3.384928333596457833e+03 3.279160454681451029e+03 3.209909124100679037e+03 3.211965424166228786e+03 3.222258096859877242e+03 3.252758984833719751e+03 3.378804873895128367e+03 3.521759338547532479e+03 3.509831316518296262e+03 3.521127538621939948e+03
3.218897798207359756e+03 3.325818610590492426e+03 3.280180448233468724e+03 3.212893570449756680e+03 3.240930523356070807e+03 3.460421637793745504e+03 3.408619527976693917e+03 3.454158452869118719e+03 3.464627497155614037e+03 3.408833145530123147e+03
3.342869439036820950e+03 3.271176984976115364e+03 3.190414233637722191e+03 3.261717544936989725e+03 3.456268230223701266e+03 3.441489927176478432e+03 3.476230362906023856e+03 3.401066091813386720e+03 3.461923175690773860e+03 3.459154965482410262e+03
3.319600282071475704e+03 3.247080784114059043e+03 3.309537150800287236e+03 3.470101809623899953e+03 3.419667301506716285e+03 3.475042773541535098e+03 3.518096140661667960e+03 3.425688919388539944e+03 3.424570022557780248e+03 3.505360300322111925e+03
3.319396830268528447e+03 3.278779163040183448e+03 3.522693497849571031e+03 3.471657249375070478e+03 3.457028907938764860e+03 3.428013841256881278e+03 3.472323468998934914e+03 3.469035260985064724e+03 3.493538978605478860e+03 3.476745255052471748e+03
3.368971578690849583e+03 3.553138704695622437e+03 3.468071416240269173e+03 3.537961613867114920e+03 3.470962397468132167e+03 3.460949555976919783e+03 3.492458842178782106e+03 3.495949146137857042e+03 3.455600750130084180e+03 3.510989447948647921e+03
3.434744918675287863e+03 3.537777910901199448e+03 3.524804925739887040e+03 3.484505801063934541e+03 3.509523659126865368e+03 3.522691396836547938e+03 3.507796590450429449e+03 3.521283925873015505e+03 3.471936792912480996e+03 3.500083372349015917e+03
3.507840259037765009e+03 3.531487180257166074e+03 3.557262407331304075e+03 3.491100736799123297e+03 3.497644267128020601e+03 3.484653649836536715e+03 3.458111995779913741e+03 3.522787315149457299e+03 3.456937461665070714e+03 3.408907419084067897e+03
3.578885819846042068e+03 3.496570009288983329e+03 3.588267359773567932e+03 3.518608457651231220e+03 3.559213954388338607e+03 3.510966459261268938e+03 3.497726932411623693e+03 3.428925373479967675e+03 3.489134927561286986e+03 3.478326028996752029e+03
3.562646090406273288e+03 3.554548138996738544e+03 3.448784577912751502e+03 3.609187081051961741e+03 3.522241926294999757e+03 3.481103396967012486e+03 3.487472861917196042e+03 3.462440251407622327e+03 3.436728368393722576e+03 3.440037740960412975e+03
3.452543419804779660e+03 3.564505747516563588e+03 3.589403918202826389e+03 3.557235821860730539e+03 3.513609430660617818e+03 3.504408484845705061e+03 3.433680310331752480e+03 3.517765226563652504e+03 3.477213324471717442e+03 3.394963808062603675e+03
3.478197399442721689e+03 3.561307822238910830e+03 3.524068501338541864e+03 3.495951555814045150e+03 3.563431941447548525e+03 3.527621031390155622e+03 3.472784995927426735e+03 3.393754146987675995e+03 3.478672713806472984e+03 3.430738943828368519e+03
3.570470078349532287e+03 3.524471805819085603e+03 3.558957255141839596e+03 3.559257204144837942e+03 3.532303622014495431e+03 3.519578217413299626e+03 3.534348658825947950e+03 3.510037636036055574e+03 3.508030048280597384e+03 3.507463741283576837e+03
3.675411141232421869e+03 3.506850772062985925e+03 3.551256074030537093e+03 3.533177255775361118e+03 3.509307548845194106e+03 3.531879018042977805e+03 3.529114190465387765e+03 3.495786156131656753e+03 3.431927501271879919e+03 3.508744635024288982e+03
3.510323281324618620e+03 3.578470702817369784e+03 3.537797518769696126e+03 3.532046884717204193e+03 3.525887499377055519e+03 3.516189976216864125e+03 3.521283983257228101e+03 3.511338082968959952e+03 3.452792875638621808e+03 3.470900108683364124e+03
3.569049589927428315e+03 3.556862157836115330e+03 3.533264753697772449e+03 3.527373861616200429e+03 3.528693902285396689e+03 3.526938537165773141e+03 3.522274877625682620e+03 3.523616646875437254e+03 3.535313863757500712e+03 3.441626025242200285e+03
