25.000000 1495.210000
75.000000 1478.225000
125.000000 1455.740000
175.000000 1678.010000
225.000000 1916.820000
275.000000 1828.053075
325.000000 1835.049250
375.000000 1843.863875
425.000000 1886.107000
475.000000 1855.006900
525.000000 1903.608229
575.000000 2014.651047
625.000000 2050.192000
675.000000 2029.316150
725.000000 2177.075925
775.000000 2052.363000
825.000000 1935.844300
875.000000 2015.124000
925.000000 2184.963775
975.000000 2140.739500
1025.000000 2073.684600
1075.000000 2049.610900
1125.000000 2074.536375
1175.000000 2206.340399
1225.000000 2141.918975
1275.000000 2109.036950
1325.000000 2131.328600
1375.000000 2112.355150
1425.000000 2136.909900
1475.000000 2058.083616
1525.000000 1998.206110
1575.000000 1971.146452
1625.000000 2022.994000
1675.000000 2045.409600
1725.000000 2075.661072
1775.000000 2184.456250
1825.000000 2247.177235
1875.000000 2462.611550
1925.000000 3173.127481
1975.000000 3364.835450
2025.000000 3470.803125
2075.000000 3679.140750
2125.000000 3823.320399
2175.000000 4177.769002
2225.000000 4564.847875
2275.000000 4907.269650
2325.000000 5096.955225
2375.000000 5105.777200
2425.000000 5175.653225
2475.000000 5222.221675
2525.000000 5237.594850
2575.000000 5269.892825
2625.000000 5290.866675
2675.000000 5313.206525
2725.000000 5349.374500
2775.000000 5382.894525
2825.000000 5472.313425
2875.000000 5538.239025
2925.000000 5595.628850
2975.000000 5561.488900
3025.000000 5520.750525
