3.446433759193094829e+03 3.547640008628711712e+03 3.511790441779123285e+03 3.485814894928604645e+03 3.453578160263039535e+03 3.442529928117945474e+03 3.451498593515277207e+03 3.447700534967678777e+03 3.383698944555109392e+03 3.446510419000781440e+03
3.555272880484299549e+03 3.474959282591658393e+03 3.503803063746625867e+03 3.496597201280284480e+03 3.504097564885408701e+03 3.488611557581070883e+03 3.479093755492367563e+03 3.404583613944056196e+03 3.411653098240649797e+03 3.329639142948067274e+03
3.506059536717853916e+03 3.406663552346015422e+03 3.496866215856267445e+03 3.514536367627296386e+03 3.482475111691355778e+03 3.461266573243188759e+03 3.409248986797222187e+03 3.430786912226814366e+03 3.436943561564434731e+03 3.395770795913739676e+03
3.450408295270307917e+03 3.562837668666768423e+03 3.463287601838306728e+03 3.491672664091339811e+03 3.456750849675867812e+03 3.474492741256387490e+03 3.462239796077949450e+03 3.398608704169208067e+03 3.443174636008580364e+03 3.352236554791167691e+03
3.536267956049715849e+03 3.494441682998175111e+03 3.500760304186399026e+03 3.499113851616313696e+03 3.544971303928780344e+03 3.479819663898485942e+03 3.456976077617405281e+03 3.441713184158533750e+03 3.394520676072236711e+03 3.339770701635512978e+03
3.566241601832341530e+03 3.486362189822957134e+03 3.464375242308824909e+03 3.491918493092008248e+03 3.454872626256928925e+03 3.498773966700423443e+03 3.475400268161894019e+03 3.500549916523439151e+03 3.405298755537157831e+03 3.425063764823573820e+03
3.473510020552770129e+03 3.506840759844354579e+03 3.524460687550709736e+03 3.484715115525603323e+03 3.528180846759768883e+03 3.445434891029079154e+03 3.430428597849960624e+03 3.459716621651129572e+03 3.462326740526437334e+03 3.412355978351086833e+03
3.515960964152117413e+03 3.499726215267436146e+03 3.514926106781771523e+03 3.443728311664660851e+03 3.441488352646016665e+03 3.539441197931726037e+03 3.457332606493041112e+03 3.502052399448950837e+03 3.461560009927165993e+03 3.356371149759848322e+03
3.494411480937805663e+03 3.545042080987429017e+03 3.518433031112291246e+03 3.496407905758417201e+03 3.528432708031540187e+03 3.446228853417755545e+03 3.491833776026046962e+03 3.458558627459774470e+03 3.411485034388525946e+03 3.511380890639253721e+03
3.434948316771109603e+03 3.486476081741466260e+03 3.525338944044117852e+03 3.507585230951882750e+03 3.436726983371007009e+03 3.448233252865985378e+03 3.445778671788867541e+03 3.379297155411038148e+03 3.413397786815508880e+03 3.383798790667461617e+03
3.229813778219656797e+03 3.322545715664308318e+03 3.188868411981437930e+03 3.202568365588781944e+03 3.230254911704277674e+03 3.175286232076673514e+03 3.275197884145355602e+03 3.249895759559743055e+03 3.148692538841047735e+03 3.265268766778141526e+03
3.220096928500837748e+03 3.186940133157012951e+03 3.256995114299864326e+03 3.277749175115473918e+03 3.154204439871748036e+03 3.224502410735826743e+03 3.113096613393046937e+03 3.115525854915098080e+03 3.225003971447845743e+03 3.377847809163016336e+03
3.384990005819057842e+03 3.240802716352318384e+03 3.269630126479396495e+03 3.188239664205017561e+03 3.173876104977305204e+03 3.174492801991487795e+03 3.223684000506757457e+03 3.204792281154891498e+03 3.445187133230646850e+03 3.498325824161637684e+03
3.222625569031946725e+03 3.215356791631591477e+03 3.184015476549501273e+03 3.206159656203268696e+03 3.200223136544439967e+03 3.249830510904639141e+03 3.251872088069066194e+03 3.477153214187130743e+03 3.526780746100376291e+03 3.413650357846936913e+03
3.301952130667738857e+03 3.229193858387487126e+03 3.260649572092082053e+03 3.193552724070557815e+03 3.243416406898956666e+03 3.258299815893386040e+03 3.431472704787401199e+03 3.469904033541784429e+03 3.400326227070146615e+03 3.596233399726286734e+03
3.170380881630350814e+03 3.271199297528765328e+03 3.176212995320759092e+03 3.222311990439701731e+03 3.252616399929605450e+03 3.453444532554894522e+03 3.500507872858857354e+03 3.476355279930201050e+03 3.485686899428860215e+03 3.380465965578415307e+03
3.287111755079166869e+03 3.261746671425626573e+03 3.206249982676309628e+03 3.227294278425706580e+03 3.472206914477528244e+03 3.475210333135407836e+03 3.406123055792514151e+03 3.479528038653061685e+03 3.455449603225172723e+03 3.518066305529020156e+03
3.327376704186057850e+03 3.237409438178763139e+03 3.227176647293419137e+03 3.513788638998566967e+03 3.536623923756782006e+03 3.438797465872605699e+03 3.484907018248366967e+03 3.427849410949732828e+03 3.462892346782207369e+03 3.452494055170709089e+03
3.315660175523836187e+03 3.271735320176950609e+03 3.500564732133220787e+03 3.522166764173252432e+03 3.510369342967141620e+03 3.468719841403679766e+03 3.394104517938392746e+03 3.435896348573761315e+03 3.500660231563436355e+03 3.482323078872567748e+03
3.280300044868925852e+03 3.538854679159998796e+03 3.548885246266997910e+03 3.518371428751627263e+03 3.481824026902706919e+03 3.461004623920059203e+03 3.521616507676140372e+03 3.445600057065925739e+03 3.533954891828991549e+03 3.493657358441300858e+03
3.583920727034761057e+03 3.502851923183790859e+03 3.513196916411930943e+03 3.475121633561294857e+03 3.526397011108399965e+03 3.474790542537123656e+03 3.449929879289818473e+03 3.532777944020897394e+03 3.418163584752735005e+03 3.429637722683549782e+03
3.593328029517088453e+03 3.479737412161895008e+03 3.560801581824175628e+03 3.513220493202411944e+03 3.402688530055987940e+03 3.458489436250420567e+03 3.513082680014444577e+03 3.454609604110967666e+03 3.432075501611462187e+03 3.531732948005429989e+03
3.590774654778165768e+03 3.561733622038836074e+03 3.559861765978560470e+03 3.527993129988226883e+03 3.504816194859826282e+03 3.534126404214034210e+03 3.529366889078230543e+03 3.462842570750299274e+03 3.486420227122148390e+03 3.468879677290452946e+03
3.434167548116674880e+03 3.593948643931413244e+03 3.578696064535835376e+03 3.525515948690787809e+03 3.497204183217921127e+03 3.526914917673600485e+03 3.491794149767282306e+03 3.501211755276750864e+03 3.505517253500911011e+03 3.510523976113750450e+03
3.534224516991331711e+03 3.566209511228521933e+03 3.569930592015332422e+03 3.534473113617368199e+03 3.565374066310445414e+03 3.447235054451258748e+03 3.504085437061157791e+03 3.516856703339856267e+03 3.465457364998148023e+03 3.509454266825592185e+03
3.553040113389611633e+03 3.569652816572268875e+03 3.539691390770961789e+03 3.534045382760913526e+03 3.516949167508220398e+03 3.512955683049694471e+03 3.479152528297089248e+03 3.523807328688320922e+03 3.484582784984268983e+03 3.441313529771219237e+03
3.533438691677044062e+03 3.599943329131564951e+03 3.509148179948962934e+03 3.522104726494700571e+03 3.537047347707560675e+03 3.548598443140043400e+03 3.484419883070947890e+03 3.493387629801428375e+03 3.531757520071929321e+03 3.400201789933175860e+03
3.502584304469946801e+03 3.585988698299222960e+03 3.533839755407236225e+03 3.573851186826681442e+03 3.571238794106332989e+03 3.536399234546904154e+03 3.510975133759533946e+03 3.467264381188514108e+03 3.453764388113869245e+03 3.477048877479228850e+03
3.596857304952568029e+03 3.515943021849794150e+03 3.519384536962573748e+03 3.540326036027151076e+03 3.518985504002905600e+03 3.555346963819041321e+03 3.567271752991064659e+03 3.492861938922517766e+03 3.449001586081709320e+03 3.540712196056927951e+03
3.627619048750268121e+03 3.512710056963539955e+03 3.556975610510367460e+03 3.529866668163495433e+03 3.524550713592669581e+03 3.518562126917584919e+03 3.510013248988281703e+03 3.542189361055019617e+03 3.537205497838966949e+03 3.419118992520599477e+03
