3.399171328892224210e+03 3.441063047798479602e+03 3.458551602889625883e+03 3.475579229699164443e+03 3.479026108053418739e+03 3.480059772721323952e+03 3.496469146497444854e+03 3.525813262498460972e+03 3.505092766271583514e+03 3.391797172890815546e+03
3.378358884876168759e+03 3.468910841070910465e+03 3.450274359875530990e+03 3.488550973740243080e+03 3.472644133578132369e+03 3.483342894303126286e+03 3.488246074917562964e+03 3.433693924944983792e+03 3.351447953766281898e+03 3.351137310979636368e+03
3.436326330628326104e+03 3.423649467545639254e+03 3.573639911766667410e+03 3.506284278693470696e+03 3.462571276965592006e+03 3.449969415285408104e+03 3.383294653817903509e+03 3.365178813885459022e+03 3.290670490528785194e+03 3.401727001787674908e+03
3.445975268254985167e+03 3.557417138310200698e+03 3.469840432784265886e+03 3.448476483950022157e+03 3.494671688850424289e+03 3.412863079834520249e+03 3.435243737969285121e+03 3.368098584592155021e+03 3.558304421028338766e+03 3.390316470269359797e+03
3.495916426512706039e+03 3.476734806593181020e+03 3.446258061748062573e+03 3.543927382677583410e+03 3.511182350017546469e+03 3.547574228695184502e+03 3.533326553561683340e+03 3.471985722823571905e+03 3.406006021029848853e+03 3.339354710050516587e+03
3.685953671478825981e+03 3.365974437558369573e+03 3.442662876030591633e+03 3.481202486060758474e+03 3.587503729383709015e+03 3.562938828555747477e+03 3.430976084317255754e+03 3.448119117785489379e+03 3.388006861610685519e+03 3.417412455114588283e+03
3.500504377491789910e+03 3.502311147548554800e+03 3.508024672744915279e+03 3.457095537855275325e+03 3.411800005106556910e+03 3.423727689305742842e+03 3.444732265075723262e+03 3.487909070656201948e+03 3.412368333563763372e+03 3.368559442005503570e+03
3.397279458590975992e+03 3.536021108727448791e+03 3.559647913560372217e+03 3.454099681912349297e+03 3.503180431581494304e+03 3.454354875116780477e+03 3.411521947513017949e+03 3.487159131235757286e+03 3.483772163762636865e+03 3.375155349231008131e+03
3.351265839274419250e+03 3.483920883661441167e+03 3.452602844968547743e+03 3.448900340833587506e+03 3.417988594213988108e+03 3.389118358167777842e+03 3.561693510250759118e+03 3.354031136906553002e+03 3.429550087758026621e+03 3.618858801525051604e+03
3.423723727219544799e+03 3.433545817340150734e+03 3.349495264183196014e+03 3.542218309967555797e+03 3.306009728612764775e+03 3.432591921462458231e+03 3.364677681287977066e+03 3.487010482598444923e+03 3.297330886739374819e+03 3.340442965491520226e+03
3.463461822243584265e+03 3.399048183559970312e+03 3.319007281307350695e+03 3.283208019110034911e+03 3.314192598149549212e+03 3.198754158673175425e+03 3.255967837072547354e+03 3.225755254943002910e+03 3.322515623720930762e+03 3.404188200401717040e+03
3.359626077733109469e+03 3.215509411756223017e+03 3.326515628381500392e+03 3.210450288908740276e+03 3.323712288955670374e+03 3.366880390046369939e+03 3.268927410466531910e+03 3.187234038789460556e+03 3.357649864286049706e+03 3.390653332078124549e+03
3.317382170226750077e+03 3.282486305035329224e+03 3.195767983199934861e+03 3.154671271363172764e+03 3.292015780854496825e+03 3.218668061177434083e+03 3.173504979219953384e+03 3.339625186337440027e+03 3.464272398471290217e+03 3.518663395655413751e+03
3.210627155360004053e+03 3.290959322701936799e+03 3.267505370884266540e+03 3.290606663886934257e+03 3.169125867179110173e+03 3.239350891444559693e+03 3.326890712854375124e+03 3.496619184263381158e+03 3.453981076771425251e+03 3.400903416851953352e+03
3.369682777067529969e+03 3.263074507052715035e+03 3.237143282205897776e+03 3.245020713838633583e+03 3.183171370247666346e+03 3.300333105557859199e+03 3.464468224139717677e+03 3.425349848062201090e+03 3.437330609941715011e+03 3.558962228279028295e+03
3.236551747905195043e+03 3.209543968994856186e+03 3.232727563038380595e+03 3.169395269251521768e+03 3.260581866342316061e+03 3.421152634097523787e+03 3.533630703410003207e+03 3.462032258551741506e+03 3.521757686700278555e+03 3.451090351319464844e+03
3.364233774758555228e+03 3.379901730312563359e+03 3.304610571112517391e+03 3.283835800195688080e+03 3.513945817589817580e+03 3.528951316905759995e+03 3.305057779025406944e+03 3.469306474301172784e+03 3.412460606915459721e+03 3.458022523906260176e+03
3.422462516359531946e+03 3.336710466162543980e+03 3.354974076404328116e+03 3.599817981494406922e+03 3.392012873130204298e+03 3.275348267755219240e+03 3.461056017297826656e+03 3.401426641912151354e+03 3.403935138015324810e+03 3.421564387670831366e+03
3.360348704159574481e+03 3.320834555590900436e+03 3.381467657024686105e+03 3.437136025665561647e+03 3.502763586141372798e+03 3.444063511811057197e+03 3.485454088651099937e+03 3.382116636402106451e+03 3.412856843838051191e+03 3.474255682458683623e+03
3.322002282621976519e+03 3.577176072590000331e+03 3.515817467875754119e+03 3.409687091838562992e+03 3.430284316852930260e+03 3.513218729345808697e+03 3.455854201544633270e+03 3.500045752433285543e+03 3.515614921058914206e+03 3.444034665639678224e+03
3.483798390051442766e+03 3.462096575256136475e+03 3.600968444210217058e+03 3.579560133852473427e+03 3.418062090267958865e+03 3.354981028850371331e+03 3.490506257832719257e+03 3.436137969572725069e+03 3.464011938563012791e+03 3.393866549227814176e+03
3.630533767571005683e+03 3.463288333786822477e+03 3.572113623283228662e+03 3.536227989749881090e+03 3.538127226032681392e+03 3.483772754330802400e+03 3.269383171627287993e+03 3.584486383850101902e+03 3.484106750150485823e+03 3.448963121013490763e+03
3.514529256575437557e+03 3.633317025077412836e+03 3.553165741024114595e+03 3.468770125132533849e+03 3.534282507039961274e+03 3.497946908180490482e+03 3.563384001463767618e+03 3.479920246460606450e+03 3.407230073081637784e+03 3.539369229674360668e+03
3.482633133514842029e+03 3.663717933052305398e+03 3.556586048848947485e+03 3.612956275471105982e+03 3.529511049808455482e+03 3.603746193318436781e+03 3.488076998626942895e+03 3.371018389619627669e+03 3.564358677857470866e+03 3.567891468926947709e+03
3.539838802661152840e+03 3.450544139629916572e+03 3.507834945722122484e+03 3.504859451834619449e+03 3.544197414733660025e+03 3.552196019447205799e+03 3.526848625517485289e+03 3.485932896603592781e+03 3.503363352311568633e+03 3.405837435043861660e+03
3.509140065272349148e+03 3.402891149442233200e+03 3.485146138148102636e+03 3.464253682712572754e+03 3.520726484548842564e+03 3.436059195299760177e+03 3.526443618614328443e+03 3.471861030383116486e+03 3.556064855795537824e+03 3.371973079998607773e+03
3.512538630912250937e+03 3.702203343225527533e+03 3.503319592006708262e+03 3.582480646774417892e+03 3.565275844648227576e+03 3.553303201105538392e+03 3.494472309651992418e+03 3.525031200094991163e+03 3.387561021970643196e+03 3.703930472759002441e+03
3.596447304023689412e+03 3.489224025088664348e+03 3.565181233585214159e+03 3.541763890245596031e+03 3.477610575302181132e+03 3.563342096652256259e+03 3.534425508806201833e+03 3.462467577936220096e+03 3.376074219273711606e+03 3.615371170894431998e+03
3.596883516758543010e+03 3.529162308751373530e+03 3.604062027687958562e+03 3.593419810529530878e+03 3.594704713764690950e+03 3.548285805158381208e+03 3.568089215309505107e+03 3.578839166484363432e+03 3.517572243313062700e+03 3.426619241682854408e+03
3.490871025842271592e+03 3.567714946904698991e+03 3.524429868056336090e+03 3.533444148535060322e+03 3.563531039390663409e+03 3.565817166319147418e+03 3.550536807377867262e+03 3.553749740367263712e+03 3.563448435808986233e+03 3.280966376918369861e+03
